-45,735223 32,042154
-46,188440 31,085445
-25,165118 -32,296841
-22,813817 -32,820448
-25,033334 -35,640292
-43,499405 31,878246
-23,859591 -32,616089
-43,871059 32,818256
-25,299734 -33,456191
-45,618153 30,698588
-44,834253 32,939800
-24,366132 -33,971562
-26,805452 -35,117286
-23,614075 -33,790116
-43,395117 33,922064
-43,799904 33,004341
-24,686966 -33,617769
-43,827409 33,158245
-45,382781 32,671266
-24,041930 -31,090361
-43,076188 30,418974
-26,339443 -32,564947
-25,037146 -33,456181
-44,109846 32,247235
-46,660945 33,507192
-45,345625 34,272632
-42,918374 34,228505
-46,963285 34,201708
-44,472204 30,547214
-23,592246 -31,969032
-26,646733 -34,510866
-46,321584 30,460377
-45,523842 34,562963
-25,146127 -31,461855
-23,548131 -32,459624
-45,224294 32,788213
-44,719936 34,781975
-23,024382 -35,138364
-24,228956 -34,948867
-25,098822 -35,003932
-44,609774 33,833558
-42,811475 32,763853
-44,019429 35,557239
-23,354537 -31,595780
-24,712063 -32,410272
-24,854310 -33,271126
-43,471433 34,367572
-27,141005 -35,474382
-25,361458 -34,880418
-22,772525 -33,089088
-45,881191 32,521938
-46,046216 31,237249
-45,036659 30,640933
-44,182576 35,107070
-46,084435 31,530276
-41,644730 33,583418
-42,599676 31,789934
-46,044177 32,205881
-23,710908 -33,601315
-25,086156 -34,907239
-43,816405 33,679652
-46,370421 33,326037
-44,831608 32,803687
-27,632408 -34,276269
-44,963385 32,885980
-26,644668 -32,055133
-22,929078 -33,363237
-44,830490 33,524791
-24,479135 -35,679768
-44,137722 30,326240
-24,610897 -34,370171
-24,532331 -35,360687
-25,982540 -33,086035
-45,163508 34,645392
-42,681320 32,665433
-25,494545 -33,111829
-43,854972 32,733842
-44,863388 34,722939
-44,893402 32,766132
-26,781486 -32,348466
-44,266628 35,007069
-27,503921 -32,384389
-25,057353 -32,011032
-24,650187 -32,835441
-46,039273 33,356608
-24,704770 -34,345432
-25,230864 -35,215850
-27,460917 -34,634228
-43,094459 34,362526
-43,745467 32,161578
-42,659686 32,621213
-44,683661 35,329238
-43,434111 30,823895
-44,115795 30,218143
-45,211827 31,057418
-43,851845 32,985851
-27,440742 -31,831658
-23,404676 -33,108839
-43,218574 31,351800
-46,582441 32,540256
-26,761313 -34,348870
-25,688907 -34,366215
-43,689033 31,869247
-43,937303 34,570161
-27,340118 -34,737369
-26,373989 -36,322037
-44,286244 33,251538
-25,915400 -34,622720
-42,473945 31,519317
-44,716300 29,990352
-43,517648 34,394961
-43,827131 32,829120
-46,717771 33,772163
-45,709999 34,197700
-44,317986 34,964706
-42,567536 33,012237
-45,400926 34,371303
-44,709761 33,320543
-43,724370 30,707010
-24,977182 -33,727240
-22,498589 -31,942441
-23,619770 -32,124488
-45,237521 32,054244
-24,716452 -34,712635
-44,397457 31,545204
-44,215245 31,030538
-25,182061 -34,335302
-25,171545 -35,646881
-46,325667 33,633856
-44,141786 35,373446
-44,514490 33,262095
-26,346216 -33,160407
-24,819479 -33,776684
-43,165397 33,019317
-24,937824 -31,776783
-45,184268 32,609518
-23,798888 -33,571422
-44,213864 31,943642
-24,997252 -33,307374
-25,580954 -35,407248
-43,180128 32,536197
-25,155666 -32,432714
-43,531680 32,224671
-45,810593 33,451763
-25,542205 -33,597850
-47,124915 35,681775
-45,166332 30,435668
-24,581001 -34,164517
-24,699343 -34,540642
-46,010449 31,780932
-44,336085 34,147472
-46,046395 32,283688
-44,710980 33,367426
-45,640203 33,785739
-42,483801 32,532176
-25,100469 -36,307580
-26,636835 -32,085848
-41,666765 32,891515
-26,279398 -34,251188
-23,422055 -32,628697
-26,670766 -31,324081
-43,513928 32,995083
-42,267975 32,959093
-25,646035 -32,926050
-24,988190 -35,339146
-42,661057 34,003502
-44,951912 31,460728
-44,819599 31,746590
-47,177007 32,510747
-45,319507 33,829143
-22,732672 -34,141224
-23,891776 -31,043887
-43,738949 32,732668
-24,848456 -32,701943
-25,581739 -34,830226
-24,928425 -32,824929
-43,322070 34,695544
-43,002080 32,214541
-25,116301 -31,891289
-46,585400 31,397824
-44,351673 32,464436
-43,691092 31,385223
-22,995196 -34,315230
-24,938071 -31,588428
-26,724074 -33,147320
-23,619270 -31,639866
-43,305171 31,428602
-25,270343 -32,330673
-44,661706 31,675405
-43,618973 32,849480
-45,562198 31,416572
-25,261640 -31,405981
-44,037114 33,421081
-24,934390 -32,950473
-44,489974 32,803124
-44,595481 31,610638
-22,321988 -33,586961
-24,017050 -32,864917
-26,075814 -33,154772
-43,236038 31,907866
-43,519913 33,163359
-45,991157 30,893801
-43,518530 35,015543
-44,581121 33,448668
-24,036933 -33,688000
-43,857520 32,748928
-24,129385 -32,715887
-25,952929 -33,220897
-44,535901 34,471216
-24,766011 -34,868920
-24,451329 -33,668216
-24,737943 -32,153918
-26,606360 -33,163307
-24,711864 -34,547884
-46,082211 35,459659
-43,279226 33,888015
-25,996255 -35,917945
-44,186787 33,088920
-25,716479 -33,263019
-25,665733 -34,713291
-44,259521 31,082041
-41,967469 32,724793
-22,739020 -34,992039
-26,558625 -35,511032
-26,165484 -31,140860
-25,210332 -32,844584
-44,715486 34,404549
-46,140749 34,899704
-26,626758 -31,558954
-24,763336 -33,338448
-45,700396 32,344038
-26,530168 -30,944532
-44,747102 32,572572
-25,598041 -33,877221
-44,787439 30,535525
-45,337633 33,099834
-44,177181 32,526322
-23,662483 -33,133319
-26,614922 -30,695594
-25,672566 -34,570597
-44,418280 31,571740
-25,801273 -34,139359
-24,771087 -33,709543
-23,476997 -32,025730
-24,872448 -34,824484
-23,179603 -34,338965
-25,590015 -31,143530
-26,179584 -35,600601
-25,405433 -35,449438
-26,479503 -33,939522
-25,376530 -35,168132
-25,536873 -34,965044
-43,726258 30,510401
-25,813836 -33,637172
-22,820520 -34,361027
-41,959781 32,218921
-46,208164 31,075905
-42,520143 34,003557
-26,236746 -32,087244
-25,151341 -35,088496
-44,176009 34,845937
-25,380901 -35,341567
-26,597552 -35,687767
-44,548251 31,902363
-23,180564 -33,953208
-45,212545 33,300555
-23,144854 -31,143406
-24,190509 -33,062134
-23,780299 -33,071214
-44,019835 30,900485
-46,311043 33,309507
-25,181788 -34,188254
-25,774723 -32,507254
-24,073209 -33,089187
-24,173150 -34,876615
-46,571171 33,226370
-46,981611 33,677117
-44,921205 33,235826
-25,501380 -32,518654
-44,422929 30,084183
-26,659545 -32,800289
-45,629984 33,155007
-22,367347 -34,164904
-23,979084 -32,997538
-43,534855 33,629475
-43,299090 31,725824
-44,353996 34,422097
-26,267768 -31,921056
-25,419279 -34,470408
-24,846125 -33,477575
-42,735431 33,743473
-47,072559 32,846827
-44,762191 32,845717
-43,456121 32,696146
-43,943974 32,907900
-23,079046 -34,273290
-25,644796 -32,620604
-24,789521 -33,426635
-27,152547 -34,220447
-27,012322 -34,102460
-27,807916 -35,310351
-23,358691 -33,342269
-22,305031 -35,397476
-24,721615 -32,972021
-46,556401 32,280103
-43,638776 33,501753
-43,424252 31,903931
-24,344578 -33,675109
-25,142321 -33,593212
-24,855130 -34,976336
-43,126599 35,637403
-44,936541 34,073451
-44,594480 34,202568
-45,725614 32,649278
-46,272778 33,058764
-26,181658 -34,052448
-26,096508 -33,129833
-23,052899 -33,906538
-27,455669 -31,194375
-22,855341 -33,677640
-45,647380 31,233635
-46,224991 32,360056
-23,693995 -33,519522
-44,599208 32,138692
-22,622034 -32,710078
-24,995184 -33,019889
-42,593176 34,506496
-25,934571 -33,907127
-23,028905 -31,955468
-45,813336 30,929209
-27,274290 -31,961800
-43,137288 32,942576
-26,702220 -35,144114
-44,383957 32,238668
-44,436950 33,012209
-24,431255 -33,296439
-25,108436 -34,922141
-25,169792 -33,076907
-44,663382 32,254026
-23,835209 -34,222971
-46,407691 33,346324
-23,783546 -35,620497
-46,574568 31,637231
-25,480223 -32,797902
-24,990372 -31,045170
-43,006756 33,965779
-46,650392 32,806474
-46,102793 31,822527
-24,522673 -34,607670
-22,572447 -31,029110
-43,839740 33,484345
-45,080092 32,164533
-44,405056 31,250011
-22,820674 -33,199776
-26,688292 -35,022196
-27,223269 -34,303306
-27,012901 -33,965010
-47,412145 31,041297
-26,468205 -33,328308
-24,856088 -31,110049
-46,053001 34,368497
-43,515323 32,663817
-24,159022 -34,857080
-43,503446 33,174732
-43,726678 34,951851
-44,885753 32,447726
-27,384161 -32,771614
-24,353410 -31,634605
-44,566516 33,236472
-43,736201 33,055103
-46,385101 33,884976
-42,884770 32,005996
-43,899214 32,502052
-45,251951 35,357649
-24,260969 -33,328021
-24,367460 -33,128390
-24,838387 -33,463884
-45,420964 32,321267
-45,829363 32,432936
-25,481458 -34,984253
-46,805222 31,554690
-25,077571 -32,420689
-22,939854 -35,612846
-24,331520 -34,646862
-24,612924 -34,123581
-43,370516 33,689777
-24,013142 -34,751654
-26,876558 -35,276332
-26,465701 -32,212533
-42,746876 32,105813
-45,937535 33,983461
-44,427546 32,731030
-27,240681 -35,760329
-42,425409 33,984440
-42,969543 30,693130
-44,427034 31,212964
-23,822073 -32,535566
-43,381444 31,983280
-45,372342 32,908203
-24,179242 -33,501008
-25,791934 -31,942043
-25,183313 -33,580206
-44,633997 33,652688
-44,615284 29,950625
-24,513207 -33,342943
-25,162640 -34,596464
-42,626567 32,884712
-24,185357 -35,013408
-23,801141 -31,934948
-45,503201 32,839510
-46,819735 34,264329
-25,250909 -35,654751
-44,697623 32,259842
-43,138739 31,375308
-24,513872 -33,213532
-44,696444 30,836400
-44,464947 30,685720
-25,197995 -32,236575
-24,570650 -33,998469
-46,178229 30,746612
-23,922459 -35,508775
-25,642443 -33,457072
-47,024039 32,565413
-27,389275 -34,656365
-44,666645 32,860967
-44,438400 32,298470
-45,833921 33,821443
-23,197771 -31,658666
-44,828822 32,687250
-44,738125 31,883037
-25,110788 -35,792944
-43,432306 32,730342
-24,523981 -31,981226
-44,007672 31,995466
-45,209747 30,765097
-26,122990 -32,752241
-24,133767 -32,071037
-23,981335 -31,106107
-24,573686 -35,240860
-44,673089 34,597373
-43,540541 32,794636
-25,633983 -35,596362
-23,978379 -33,234419
-23,987721 -34,476705
-22,963997 -33,947973
-25,932227 -32,862945
-42,304405 31,981784
-23,349469 -34,269560
-44,852453 31,611703
-25,433473 -33,287745
-46,413633 31,294927
-24,749139 -32,687579
-44,944335 32,773848
-22,347385 -34,197711
-43,271188 32,569907
-26,014132 -31,477992
-44,170359 32,210822
-45,410360 32,731806
-45,100480 34,328086
-45,207844 31,552479
-44,355317 30,847851
-24,173084 -34,855420
-46,008154 32,443125
-23,514322 -33,823655
-44,213036 32,438662
-23,732236 -34,136299
-24,223117 -33,645370
-25,609245 -33,427491
-44,014296 32,824115
-24,312750 -34,057662
-26,136607 -33,305618
-44,070488 32,372028
-43,428838 34,097208
-26,585507 -32,054883
-25,547503 -32,738742
-24,689098 -32,848567
-42,895497 34,556605
-27,652519 -32,090532
-41,860894 34,154103
-24,483517 -33,068341
-24,288237 -33,517471
-23,970056 -31,234631
-25,211447 -33,592910
-43,091730 34,185023
-43,621516 32,604654
-45,162035 32,747452
-44,279181 33,146165
-45,168492 34,487150
-44,025129 31,477549
-26,031115 -35,063991
-24,365713 -33,508130
-25,518299 -32,836994
-43,044832 33,881002
-44,205415 33,841528
-24,569406 -34,932015
-44,364359 34,097110
-42,282658 31,786416
-44,495680 32,217713
-45,002483 31,854348
-44,395209 34,139288
-43,710804 34,868048
-46,354087 31,925405
-22,850534 -36,137513
-24,129315 -32,888750
-46,662230 33,411507
-44,388714 33,089581
-44,194448 33,902262
-43,500574 32,086222
-24,835692 -35,480898
-44,432823 32,113301
-25,324164 -35,970551
-46,489173 33,217279
-25,773163 -34,624556
-25,709703 -32,926544
-24,719712 -31,737815
-46,793492 32,210569
-43,883180 30,943696
-24,358884 -30,661405
-46,469482 33,933146
-47,402956 33,624052
-44,783733 31,488221
-45,178338 33,328172
-44,569855 32,105727
-27,171072 -34,696549
-22,934721 -32,890194
-25,706270 -35,029794
-43,558998 31,277977
-24,022636 -31,968853
-43,148448 31,460624
-25,095013 -32,608384
-44,306935 33,416567
-27,467618 -35,514867
-44,769021 33,299546
-24,470847 -34,668650
-26,307847 -33,978784
-25,959808 -32,289267
-26,023917 -34,008230
-45,218792 34,350751
-23,332801 -33,686332
-45,877878 35,352932
-23,321406 -31,984425
-43,144283 31,689842
-24,294159 -33,356094
-45,473172 32,162594
-44,388370 31,953975
-44,606364 31,211720
-43,066080 32,796121
-25,316081 -32,774252
-25,405790 -33,287077
-43,999522 31,760912
-24,246573 -32,864438
-25,230533 -31,183458
-43,692787 33,171692
-24,304536 -32,454537
-22,509974 -32,796449
-45,877399 34,078546
-23,122972 -33,120303
-43,564648 31,287431
-44,178355 33,084830
-25,766057 -33,242518
-45,876769 31,233802
-24,535835 -33,785848
-44,526908 32,915850
-46,117336 33,950587
-45,843374 32,475342
-25,397286 -32,919606
-25,042971 -33,935478
-25,937745 -34,714733
-43,207777 33,252738
-25,724280 -32,947176
-43,038332 33,739809
-25,596511 -32,536476
-44,286848 32,273928
-26,007581 -33,371825
-44,296279 33,537457
-24,610271 -35,160507
-25,378129 -35,968216
-43,750953 32,632742
-24,424153 -33,948829
-24,854612 -31,891075
-45,087898 31,021915
-44,422036 34,270051
-27,001116 -34,348137
-45,617756 32,878467
-22,565876 -32,123044
-45,421829 32,939523
-44,417896 32,462515
-45,037515 32,508526
-27,719223 -33,232434
-25,258976 -33,526382
-25,483754 -33,456101
-27,539335 -33,853005
-26,162566 -33,908622
-46,419636 33,869091
-45,204990 33,483838
-25,276812 -34,013712
-25,995003 -33,876102
-24,343116 -33,547537
-43,848241 33,333525
-42,475421 31,303767
-44,028751 32,559122
-44,231697 34,096370
-25,845512 -32,725235
-23,739629 -34,477624
-46,271568 33,337816
-46,243689 32,729044
-42,227302 34,291104
-46,085608 34,246500
-23,161930 -31,944463
-23,681461 -33,746681
-45,723403 34,976614
-25,789423 -33,920314
-45,179126 32,032123
-22,788296 -35,079742
-24,164730 -35,297973
-25,977776 -35,341869
-44,103775 32,159661
-27,114088 -33,966308
-43,967546 34,414145
-25,183274 -31,626765
-44,476835 33,322310
-44,241693 33,483886
-24,768034 -30,941571
-26,294644 -31,534964
-43,165282 34,144176
-24,809128 -31,871000
-25,401754 -31,811564
-46,828695 32,430036
-24,536695 -32,974210
-24,281454 -31,639157
-45,930826 31,331529
-44,759111 34,370342
-27,245012 -31,359080
-22,392929 -32,163105
-44,896205 31,268094
-43,632476 34,194739
-43,119857 30,966763
-26,008516 -32,372237
-26,405821 -31,869245
-24,335820 -34,218279
-45,770224 32,465029
-46,388028 35,491215
-27,258504 -33,474951
-42,853620 33,368827
-24,637405 -33,361362
-26,969727 -34,936087
-25,470775 -32,717679
-44,687174 33,043633
-24,461959 -36,199085
-25,737037 -33,210041
-24,466689 -35,966687
-46,692152 32,922184
-26,246573 -32,941980
-26,941572 -35,060134
-44,655196 31,057267
-42,943167 32,434847
-42,733926 32,610236
-43,227339 31,254090
-45,015717 33,696822
-26,239633 -33,388895
-25,331816 -33,761547
-26,679123 -33,324967
-43,480982 34,201987
-25,373109 -33,453309
-43,803424 33,474784
-44,985620 31,752212
-44,067397 33,580236
-44,577507 33,280186
-44,162935 30,326012
-44,349003 34,055370
-23,795064 -34,567440
-44,522672 32,232370
-26,060266 -34,609883
-25,041216 -33,606923
-43,325702 32,049002
-23,194120 -34,071082
-23,639965 -35,246239
-43,620925 32,842124
-25,515011 -33,278068
-24,771738 -34,226206
-24,770711 -32,640330
-45,015337 32,486853
-26,696540 -33,091069
-25,195917 -34,606756
-43,996237 33,309547
-25,503148 -32,349908
-24,715179 -34,195052
-43,934237 34,475429
-26,150925 -33,867305
-24,990965 -32,240513
-24,497557 -34,061506
-23,129431 -33,051112
-46,816413 33,970338
-25,161041 -34,786393
-45,633355 33,623234
-44,434348 31,261087
-41,688373 31,897910
-43,472306 32,145458
-22,543020 -31,499630
-42,914497 34,148031
-25,499994 -34,754858
-43,615474 33,707836
-24,265546 -34,379452
-23,865525 -36,156700
-46,547498 32,639984
-23,866733 -32,089475
-25,225275 -32,323000
-27,827763 -35,793035
-45,792880 32,026355
-24,015715 -34,697390
-44,268867 32,388166
-43,106782 33,646242
-45,815952 31,521039
-23,836270 -33,412592
-27,106022 -32,217300
-23,611900 -34,335192
-25,568924 -35,718433
-24,486037 -32,534239
-23,635712 -32,657934
-24,425662 -35,100933
-25,837616 -35,047709
-44,215361 32,383397
-45,036589 33,501352
-24,971614 -35,340464
-23,427019 -32,908753
-43,985775 29,990073
-45,301517 31,095397
-45,316599 32,730411
-44,529319 31,661565
-23,990992 -35,427295
-23,955555 -31,714368
-46,188976 32,730465
-44,229302 32,551230
-43,803726 35,190863
-45,686926 30,519047
-46,825514 34,165137
-44,365696 34,558585
-45,668210 34,854534
-42,191849 32,741065
-44,356522 30,209255
-43,507526 34,018383
-45,117158 31,038079
-45,730611 33,656256
-25,823627 -33,131212
-24,374142 -31,732349
-25,775993 -31,073629
-43,315960 33,505671
-43,286094 32,764730
-23,513621 -33,504078
-26,393699 -34,482116
-25,399759 -31,481443
-45,048371 35,009708
-25,168048 -33,773174
-45,157256 33,584180
-43,170729 33,314531
-25,794375 -33,098700
-24,922213 -33,574803
-27,151972 -33,641260
-25,797196 -33,541138
-26,431564 -33,205739
-25,058753 -35,326602
-44,332638 32,230980
-25,319019 -33,829115
-43,477952 31,839724
-24,574200 -34,206228
-45,099576 31,812071
-43,182450 33,257702
-24,778379 -30,979424
-25,315524 -31,392490
-26,666332 -35,086251
-24,409315 -36,088386
-45,619318 30,375229
-24,941386 -32,512526
-44,896503 31,980156
-43,745638 33,189337
-24,594540 -33,538307
-41,894142 35,632719
-25,728302 -35,347848
-45,522686 31,293069
-43,940371 32,849045
-42,789397 35,248629
-43,771302 34,794915
-42,890290 32,336882
-46,972324 32,668414
-44,250092 34,229876
-43,558167 32,929739
-24,553492 -34,886106
-24,423271 -33,595496
-24,648819 -34,288556
-45,445065 32,240385
-24,782141 -33,469923
-45,449022 34,691311
-43,859585 33,255441
-26,551553 -32,716677
-43,450049 31,366693
-42,712789 33,013757
-24,622035 -35,388833
-23,530557 -34,025827
-25,217894 -33,064194
-23,303039 -32,975009
