3,964990 1,446669
21,536073 -7,217920
20,277563 -6,422602
-36,887565 -32,652318
-35,308593 -35,194606
3,597655 3,609834
21,126943 -7,462790
1,319723 1,611926
-38,731624 -33,194881
23,083381 -5,974307
-37,979982 -32,464942
20,065237 -6,693477
3,243843 3,522136
-40,313928 -32,796158
-37,622288 -32,290696
-39,769028 -35,647427
-40,094627 -35,232860
-35,986372 -35,340320
-39,787323 -34,384854
4,692858 2,227504
19,934005 -6,700724
3,648621 1,510633
19,418509 -6,564465
1,975046 1,650891
-36,414622 -32,973250
21,756441 -6,004262
5,615489 1,747234
-38,192192 -36,156965
6,077922 1,292608
3,634186 -0,052319
2,857190 -0,292250
22,049295 -4,473613
22,528934 -5,897256
5,345418 0,818326
-37,944147 -34,695222
6,414767 3,850924
-38,518277 -35,559629
-37,426695 -33,409060
3,106446 3,063252
4,901420 2,823860
1,561651 0,833118
-36,128117 -32,730143
-36,922873 -33,877482
21,794226 -3,599324
20,562700 -6,041414
3,678337 1,964661
20,238394 -7,629389
-39,197936 -35,805828
4,110080 1,995020
-38,767962 -35,566363
-39,250933 -33,094753
19,707730 -7,052650
23,183305 -6,072280
18,707931 -5,522698
20,790331 -7,754365
-37,873473 -32,871370
20,799737 -7,741706
3,927450 -1,207447
21,370418 -7,355158
23,152082 -6,088498
-38,247464 -35,037112
6,335841 3,665242
1,595002 2,241063
21,771986 -6,636902
-35,971997 -33,131470
6,354415 0,561319
3,721172 3,060570
-36,591820 -34,780105
-36,776045 -36,024475
-37,235549 -35,321197
2,608830 2,843740
2,654636 0,448496
22,314769 -6,336434
-39,142075 -31,874578
-36,628960 -33,139512
-39,805513 -32,031068
20,567383 -4,988690
5,290622 0,026998
3,831060 2,996869
-39,712914 -33,445646
2,919548 0,784990
21,664953 -6,557818
23,266627 -5,083822
20,970806 -6,389088
-38,413687 -35,731320
-36,747003 -34,359917
-38,493684 -33,232994
-38,887713 -33,334252
-39,768275 -33,584043
20,970103 -4,087951
-35,601426 -34,148175
2,755193 4,144794
22,352361 -7,884133
4,897331 -0,961521
3,715094 1,857747
3,572681 3,978885
-37,727325 -34,889130
4,647243 2,903947
2,058146 1,749352
2,731964 0,664083
22,345596 -5,305219
4,214228 2,960689
5,144265 -0,146723
-38,007532 -34,470345
2,193659 1,395602
3,490901 2,237209
-38,021517 -35,716007
19,698854 -8,488273
20,528935 -6,867551
4,003865 1,595649
19,032077 -5,088639
20,331969 -4,604039
-38,800045 -34,909518
21,222761 -6,748609
21,595634 -7,472892
21,506669 -5,069971
-39,009730 -34,003042
-36,351506 -34,058282
-36,960084 -34,023549
-39,776612 -33,251029
23,825211 -6,066491
-40,252146 -33,848532
3,857983 0,676897
4,539374 2,708228
3,415086 2,120529
-39,424119 -34,912676
18,498865 -6,224945
1,879716 0,668113
-40,440457 -34,917033
-39,339755 -35,675401
20,510272 -7,311934
2,654557 1,502387
-36,967574 -35,552647
20,034765 -6,401704
-37,267446 -34,177556
19,687134 -6,795186
6,275489 0,864271
-38,338531 -33,469694
21,771555 -6,336757
20,263858 -6,641681
-35,911319 -36,479789
-38,059224 -35,271572
-35,482548 -32,621572
-37,198454 -34,083893
-36,541720 -34,194057
20,526370 -6,781570
-38,054671 -32,507012
-39,805780 -35,421783
-35,731407 -36,786026
-36,956357 -33,264369
3,358982 2,347400
4,429910 2,714608
22,088222 -5,728222
2,017265 1,616581
21,635292 -4,558565
-38,803776 -36,457249
5,696594 2,647203
20,630083 -6,052705
4,889489 2,762158
4,344233 1,285228
21,022083 -7,015613
18,605722 -6,244629
6,122055 -0,510052
3,349481 1,259587
22,311190 -6,216028
22,632656 -6,660996
18,888593 -4,962068
19,650036 -7,443784
20,529208 -8,904871
20,084360 -7,927501
19,801384 -4,845901
-38,211291 -36,082750
2,805178 2,473375
-38,737267 -34,862678
-37,100059 -34,421730
4,791793 2,414414
-38,315235 -33,112581
20,276635 -4,466871
3,596414 2,763586
21,949021 -8,714810
23,796113 -5,054840
21,092357 -7,061360
20,746021 -7,805559
4,533422 2,724460
19,700083 -4,108499
2,254949 -0,474001
2,415505 2,552528
4,819096 -0,945345
22,368580 -8,037367
-36,636517 -34,783986
-40,234903 -32,802042
21,852570 -7,269212
2,392992 2,696600
18,926076 -7,770924
18,312121 -7,103536
19,157671 -7,352357
19,715427 -6,366087
20,808049 -5,150365
5,273507 3,183033
3,823238 2,426663
20,435156 -5,583741
3,779777 -0,580942
-38,912413 -34,149869
19,839822 -6,123014
3,803982 0,686192
6,567969 0,660270
20,968351 -4,820001
-37,002723 -32,349890
21,198522 -7,378686
-38,934268 -34,708108
20,399387 -4,422258
21,146459 -6,223909
-36,754313 -31,526763
3,680749 2,320944
19,431222 -6,805203
23,107107 -6,672231
-38,807055 -33,566935
21,314849 -5,927746
22,606817 -7,904594
5,068220 1,371911
-37,941497 -33,410347
-37,984716 -33,793336
2,584339 0,240257
-37,630905 -31,924059
-38,072878 -34,946320
19,556936 -6,971137
21,066687 -5,706210
3,219704 -0,706940
20,741843 -5,785281
21,140174 -5,236464
2,561906 2,328314
21,266604 -8,319741
20,723534 -6,518699
20,618676 -6,885955
22,478454 -5,775806
3,920784 0,587001
-36,780605 -33,769410
4,377360 1,063679
2,958229 3,043388
-36,533340 -34,139920
2,826302 0,771985
21,169927 -4,646969
1,549635 1,357481
21,281162 -4,030781
21,359000 -4,723890
-38,718095 -35,488844
-36,934316 -35,373031
3,522137 3,528838
-38,317753 -36,394569
22,088075 -7,436768
-37,929702 -35,112068
3,291347 1,238036
3,710359 4,074301
22,118058 -7,158145
-36,822801 -33,844436
5,285118 3,194061
20,725692 -6,265344
-36,387039 -33,580301
-36,622958 -33,887393
5,656624 2,220820
20,430628 -6,669026
-37,509701 -32,394606
5,148196 3,705366
3,491014 1,386204
5,297824 1,154544
-36,401121 -35,049007
3,684440 0,313887
-40,246993 -35,378404
4,851194 3,948933
5,631969 -0,087016
20,828192 -8,735449
18,860152 -6,341085
21,669102 -6,090024
-36,801670 -33,517142
-39,420439 -34,734247
4,864853 2,810494
-36,117092 -33,943876
3,759081 0,898961
4,210660 1,441060
21,554203 -6,614057
3,182940 2,248499
2,593515 3,490842
-38,808168 -33,548159
4,994262 1,456675
-39,392915 -33,817971
2,986598 2,222662
21,515482 -5,909278
2,326687 1,558434
20,067657 -5,854298
22,373676 -6,586171
22,225395 -7,992020
3,291278 1,096599
1,207278 1,955613
21,546535 -5,289471
22,011478 -6,879572
21,168666 -3,769770
-37,717524 -36,954742
23,114630 -6,528419
-37,033998 -31,606482
-39,346501 -33,634881
21,506402 -7,031302
2,450693 0,373224
21,081309 -7,742200
19,993876 -6,255988
22,656961 -5,495724
21,712916 -6,740464
-35,925658 -34,495994
-38,566299 -34,248704
21,052554 -7,385695
3,835228 -0,609760
-37,188057 -33,940651
20,548893 -6,752712
-38,589820 -36,339247
5,158017 -0,760281
19,177935 -4,991155
21,389122 -5,796848
19,063135 -6,534783
2,948087 0,073339
20,753151 -5,230740
-39,167083 -35,572391
2,623570 2,418898
3,308601 0,312270
-37,102350 -34,543428
20,570549 -7,681752
-38,886867 -35,054905
-36,034496 -34,771186
-38,383054 -34,514141
3,261070 3,046019
20,345485 -4,071218
20,784924 -8,389298
4,253024 1,024374
-37,276094 -33,780549
3,964891 3,811905
4,981044 0,948154
22,049935 -7,041463
-37,521194 -34,755219
21,252531 -6,915674
3,966352 2,513140
-36,836696 -32,235740
1,808824 3,078594
19,484896 -5,004090
3,811762 1,335442
-37,499104 -32,252931
-38,579592 -35,201352
22,292533 -5,874669
-39,371447 -34,204990
21,164659 -6,511642
4,438097 0,637659
2,059122 3,867842
-36,845256 -32,423318
-38,395622 -33,152386
2,766634 2,963674
-39,155565 -31,954495
4,394991 0,207752
6,431972 1,388529
4,950138 0,880610
22,243028 -6,311716
21,156667 -6,156574
4,439265 1,005885
3,501027 0,889092
-39,250432 -33,414124
1,927162 2,433764
20,324023 -6,178684
-38,809322 -34,012436
4,764738 0,767198
21,784126 -7,663851
20,303839 -6,131448
-38,557841 -33,402440
21,779047 -4,969474
22,765578 -5,820792
5,699111 0,216173
21,543074 -4,547445
5,631759 0,844735
-40,097272 -34,637647
4,355078 2,320390
2,876099 3,622775
21,336108 -5,442982
-36,442721 -36,084119
3,027455 2,056117
4,613810 1,593269
-38,696285 -34,834642
-36,389126 -33,891502
22,563274 -6,298335
-39,617982 -34,372988
-37,652643 -31,837927
5,012752 1,529844
5,900116 1,089468
-38,059885 -34,825707
-37,996361 -32,701078
-37,163364 -33,794580
-36,119160 -33,614203
22,770743 -5,035742
-36,822649 -33,415169
5,290768 2,296486
5,646444 1,439996
20,275546 -5,608795
-36,867664 -34,678282
2,480395 3,036829
21,709950 -4,992955
-38,070020 -34,978134
-39,279179 -35,621450
-37,391296 -34,345158
1,837949 3,515004
19,142709 -3,891582
3,261698 1,406867
-37,649133 -32,310648
20,104000 -7,659472
19,654243 -7,128534
-38,920152 -34,332780
5,745008 -0,139017
20,651915 -6,049441
20,594734 -6,393335
4,217469 1,897117
5,211046 2,836012
-37,704877 -36,344336
4,493606 2,838741
3,207357 1,738544
21,945594 -4,772415
21,042760 -7,840623
-39,139930 -36,037273
4,149307 0,705690
20,378112 -7,307494
20,490976 -5,469201
23,250571 -6,272968
4,948977 1,594636
3,251372 -0,039276
5,773282 2,678373
21,569488 -5,501084
20,429819 -7,140196
22,722241 -7,024518
4,234198 -0,144428
2,433245 2,106180
-39,612910 -35,298076
-38,125855 -34,310887
23,053596 -3,998152
-38,137993 -33,095904
-37,891542 -33,609726
-38,571930 -32,096978
4,430597 3,157950
-39,643059 -31,532555
-37,084732 -34,006750
20,067151 -8,325341
-36,692360 -35,084809
6,154901 -0,114838
-38,252716 -35,890840
20,012361 -7,101134
21,251027 -6,087143
22,388980 -8,055666
-38,372317 -32,605161
21,629073 -7,262067
5,162548 1,455078
3,607099 1,960782
20,983314 -6,772011
-38,800672 -32,962243
-36,596385 -33,787907
-37,590232 -31,950864
5,110971 1,539772
3,426314 0,154852
4,172725 0,862444
20,472606 -5,942627
-38,682616 -35,855804
-38,224534 -33,882338
-38,719395 -34,494035
3,661327 1,972037
-35,749432 -35,020520
2,910753 1,399175
1,617821 2,613551
-37,006963 -34,144733
-39,410021 -34,912776
4,085119 1,409582
4,387239 -0,062657
22,426566 -7,341568
-39,183476 -34,818628
-39,209038 -32,783054
-36,144069 -34,664674
-37,142797 -31,806052
23,712062 -5,487882
-37,445660 -34,341386
-37,243493 -33,398425
2,156213 2,338787
4,413376 2,082317
2,427708 1,092870
21,265506 -6,210036
5,387145 3,200701
22,514170 -7,348835
3,688549 0,009307
-37,691658 -35,042763
-38,602664 -33,610962
4,947935 2,493410
-38,606839 -33,194850
20,342920 -7,761041
5,339139 -0,280635
2,746166 2,148467
21,678721 -7,327167
2,883524 1,649250
4,788854 3,848539
-37,457128 -36,698434
-36,934433 -34,602001
22,522640 -7,245920
4,297968 3,370627
4,592228 0,803627
-36,277773 -32,517290
-40,317874 -33,569314
22,049859 -4,955727
-39,491915 -33,709534
21,994302 -6,053731
5,426300 1,282102
5,411190 2,345300
20,716310 -5,157563
4,048045 0,324215
1,833418 3,856338
19,122218 -7,576458
18,688816 -8,382186
-37,758771 -31,980824
-36,963143 -34,686569
3,311080 1,275252
5,047424 1,555346
22,683192 -5,186950
3,750836 1,135768
3,873018 2,609610
-39,605594 -34,887375
20,480907 -6,362463
-37,221357 -33,946901
2,752013 3,267937
4,152685 2,066799
21,351116 -3,608502
20,276392 -3,965055
-40,540717 -32,269275
4,895764 3,963711
22,458144 -6,275473
22,407077 -6,309318
21,371108 -6,190039
-38,163514 -32,646265
2,700370 2,667336
4,589616 2,108611
-38,359628 -34,134894
19,422595 -3,747519
4,693909 2,788235
19,427411 -6,826685
4,196916 1,377498
3,738238 3,223532
20,710424 -6,304847
19,886117 -4,777093
3,048845 1,276576
-38,237662 -33,979410
-38,942783 -34,979122
20,741830 -6,097106
-38,703903 -33,337748
4,656600 1,836109
3,663069 2,160582
21,301450 -5,184527
-38,327488 -32,627442
22,695127 -7,017029
3,928766 4,088654
4,420193 0,390170
20,484117 -4,920152
4,655173 -0,707930
-38,345491 -34,382429
21,006612 -4,307462
-35,872695 -34,456157
21,055561 -5,040265
19,274005 -5,568392
19,561506 -8,692404
-37,095518 -34,223077
20,636676 -7,916253
-37,719190 -34,224415
4,390074 0,580512
3,239763 1,259810
21,138434 -7,234363
-37,039282 -32,531265
18,751274 -5,006977
4,473099 2,422644
5,658712 0,090250
4,738887 1,315508
2,556279 1,949962
20,370639 -7,904718
20,891533 -6,588962
-36,891367 -35,090387
1,734672 2,267395
20,865951 -4,272918
2,160810 1,691721
-39,478100 -34,436595
18,665420 -4,274399
21,043612 -8,708601
-39,072533 -34,176752
19,754954 -8,330026
4,648587 1,428979
20,566549 -8,193936
20,235048 -8,298479
-36,070705 -33,841237
20,949311 -5,185304
3,748296 0,771116
5,805664 3,129766
3,560957 -0,689842
21,375557 -4,836260
4,642382 3,755808
2,202815 -0,522385
-36,361870 -32,406844
20,717949 -6,198719
4,060337 2,892530
4,501623 1,800932
4,589202 -1,008719
3,814317 2,939104
19,129515 -7,065413
4,300740 2,028218
-36,904700 -34,204786
-36,545821 -33,072629
-38,126712 -35,172435
18,789730 -5,157589
4,171473 0,776920
-39,274227 -35,694240
19,740536 -7,949510
21,060761 -5,655995
6,266017 2,426101
-35,518873 -34,016189
20,395282 -6,258607
3,555023 1,913270
2,452845 1,455253
-36,325083 -35,780758
4,929551 1,366037
3,547780 1,592746
2,116930 2,554550
22,061377 -7,884791
6,144527 1,351618
-37,977969 -33,077462
-37,716581 -33,567155
4,093386 1,556266
4,576690 3,280697
20,339199 -5,926134
2,882740 -0,142153
20,299511 -5,076711
21,350109 -6,365641
-38,346642 -33,679954
-38,784742 -31,568313
3,388717 0,413000
4,199795 0,319221
-37,587431 -35,167937
4,867868 0,556282
2,674244 2,456903
1,753838 1,905010
-37,877439 -35,310029
3,572460 2,368384
-36,712059 -36,923098
-38,194291 -33,632129
2,565330 -0,294857
20,051243 -8,874476
19,480601 -6,643578
-37,827106 -36,116121
21,426687 -6,471861
3,922314 1,906215
2,781140 -0,242934
6,071571 1,399190
4,180256 2,842542
21,587053 -5,861320
23,524985 -7,314484
21,092725 -6,023035
21,209361 -4,794326
4,030560 2,162141
2,686606 2,464159
-39,197239 -31,970444
22,574026 -6,813651
2,431516 2,820746
-37,012558 -31,925194
3,562735 4,407190
-36,716824 -32,641551
21,188075 -6,591417
-39,353127 -35,220624
19,226472 -7,437593
23,177396 -5,717168
5,936049 3,741826
19,634788 -4,558418
22,030020 -7,308768
19,625632 -5,371689
-40,611071 -32,457431
20,837637 -5,753770
-37,440577 -32,694446
22,871526 -7,174950
23,389677 -5,111978
5,033837 2,523447
22,985874 -8,246763
19,347441 -6,735117
2,436572 2,328293
19,969572 -6,408671
3,636460 3,652059
5,951733 3,204135
23,538651 -6,016521
21,324380 -7,501442
19,636869 -4,273817
21,272076 -4,683779
5,232239 3,021637
22,841464 -7,133677
4,448420 4,388643
20,273714 -6,038945
-38,418253 -32,265263
3,335922 1,964645
21,523548 -5,036534
19,682717 -8,867123
0,972276 3,823255
3,824628 1,578559
22,149310 -7,110701
-37,683301 -35,367062
20,271722 -4,847982
3,854812 0,827058
20,847759 -8,092480
4,110412 -0,068846
3,309064 -0,395475
3,604177 2,069911
5,184990 0,291057
3,919514 2,857534
18,975737 -7,787883
19,602258 -8,251691
-38,097693 -34,962831
3,686421 0,832881
21,232432 -4,870936
-36,956249 -34,810928
1,519027 2,034036
22,085351 -7,713297
20,579224 -4,518854
-39,236311 -35,666013
4,913843 -1,164708
21,668231 -5,730818
22,564573 -6,617225
18,517594 -4,668258
2,826328 1,319395
21,889863 -5,119489
-36,844743 -35,426596
-39,051089 -34,292976
-36,532457 -33,250727
21,559034 -7,686585
-40,147224 -35,030239
21,510125 -6,005263
5,110601 1,768730
5,287597 2,561631
-40,322246 -34,441360
22,395447 -9,049145
2,400806 1,730237
-37,962303 -33,619797
5,604345 1,545727
2,309764 1,535481
-40,608992 -33,773178
5,598518 1,166954
4,231197 2,355375
-36,743725 -34,534964
-35,544610 -33,879766
19,911343 -5,592286
3,523904 2,578128
20,881317 -6,274584
19,087611 -7,948256
19,491450 -7,056757
4,690647 2,960521
4,921368 0,713192
-37,108971 -32,937258
3,098405 0,260914
-37,575115 -33,674099
-38,955453 -33,044855
1,401956 1,919963
20,743775 -4,763499
20,257387 -6,804233
-40,157304 -33,527386
5,651117 0,632887
-37,136349 -33,832656
-37,033235 -33,363470
5,033976 0,072104
21,521726 -6,935923
21,204645 -6,881412
2,402758 0,506785
-38,043691 -32,293607
19,244114 -5,937430
19,170713 -6,572493
-36,003968 -31,892640
-39,170419 -34,372328
5,492236 0,854667
3,051044 2,927853
21,947360 -7,208255
-36,801224 -35,668182
20,321073 -3,869364
-38,683319 -35,223195
-36,380622 -33,290337
3,682156 3,510694
20,769576 -6,497758
3,757962 0,627179
20,470636 -4,754660
-38,546737 -35,694601
-39,489144 -33,233001
-39,969893 -36,008847
21,552802 -8,551499
-39,035728 -35,609289
22,148159 -6,846299
-37,593517 -34,679882
-38,349641 -31,789965
21,601508 -8,238160
4,016490 0,800066
4,017372 0,962338
21,466727 -6,766709
-38,383002 -33,890951
-38,643451 -33,280446
19,780293 -4,902340
-39,395110 -34,935539
-38,341654 -33,449133
21,813550 -7,282439
21,272720 -6,230709
-39,653241 -31,927803
19,203847 -6,480541
22,449266 -6,794158
-36,681729 -34,046510
-37,743197 -32,305637
-36,282359 -34,909529
20,991161 -4,946798
22,700011 -5,087287
-39,770599 -35,114179
3,141819 1,847944
21,031942 -4,634841
3,366487 1,201395
-38,885503 -34,283760
2,272593 -0,057349
-35,740529 -34,673503
6,409068 0,237302
-37,728775 -33,398569
4,290328 3,860733
4,754169 0,749245
-39,533265 -34,664807
-36,838696 -35,444365
2,349132 1,973012
22,128877 -8,778480
-38,626621 -35,867884
3,640824 1,274659
-38,352805 -35,076954
4,844385 1,460384
22,304126 -5,907557
23,741028 -6,284073
-37,823660 -34,631356
-37,808710 -35,604569
20,210196 -5,409572
5,700011 2,128378
19,769835 -6,195902
-38,436668 -32,563397
-36,120125 -34,313482
-37,009541 -33,414298
4,404575 2,394364
2,202369 0,631298
22,015615 -7,705689
20,779487 -4,284684
-39,606830 -34,596397
2,694674 3,096938
20,568245 -7,159412
-38,925836 -33,252232
-37,587953 -33,533288
3,434741 2,264323
2,739161 2,260823
-38,681082 -34,962041
6,162851 4,203194
4,835829 1,749779
20,119057 -8,195597
21,873623 -7,221079
22,276186 -6,691110
-38,470257 -36,175219
20,432553 -4,292358
-39,619280 -35,930926
3,439629 1,361472
20,734034 -7,352797
3,910244 2,112070
22,023886 -6,368719
18,873484 -5,892965
-37,697622 -32,074120
21,270670 -4,884505
-36,273662 -34,703976
21,478118 -8,952595
3,455031 1,461918
-39,914932 -34,083371
22,579452 -6,224299
21,478750 -5,195228
4,119184 2,391846
19,218950 -6,725825
5,786257 -0,002066
3,515258 2,686978
21,114073 -6,668548
19,067054 -6,442357
21,722111 -6,281752
-39,859346 -34,169482
4,218883 2,093660
22,801076 -8,529921
-37,959162 -36,763293
-39,090389 -33,954220
3,738763 0,805216
6,181715 0,441313
5,883045 2,401707
20,912678 -6,139994
22,178508 -7,816793
21,571669 -6,860503
-37,424981 -34,676806
-37,212037 -34,240577
1,789465 3,003635
4,927687 0,677981
4,118540 1,370432
-38,904524 -33,702885
-39,255770 -34,655399
-38,130124 -34,999921
-37,415288 -32,514487
-38,975696 -33,021111
23,101364 -6,941662
-8,020276 1,139207
11,767136 -1,610219
-5,377393 3,687643
16,969852 -2,165432
